1.0 0.9996904483231189
0.99 0.9325580022199907
0.94 0.7128987915067934
0.84 0.3678092734021735
0.9299999999999999 0.6750717361106338
0.92 0.6387005873912938
0.83 0.3360089760357256
0.88 0.49995023317048615
0.9 0.5680972193771308
0.87 0.46589811538615805
0.91 0.6032616487074053
0.95 0.7522785954539344
0.89 0.5340601445003856
0.81 0.2730401054643962
0.8200000000000001 0.30449912050145
0.8 0.24246078641418628
0.96 0.793308897402049
0.85 0.40005846814440393
0.86 0.4330304570753567
0.78 0.18327847034126749
0.97 0.8365748460411742
0.98 0.8823930191831558
0.79 0.21243905442201746
0.77 0.1545818891359138
0.76 0.126787483044903
