0.88 1.2856378395220147e-6
0.89 1.33193797906871e-6
0.87 1.5775548329263955e-6
0.86 1.2243966559203819e-6
0.83 1.3239119022392175e-6
0.85 1.5276676858634059e-6
0.84 1.364483806012449e-6
0.8200000000000001 1.3577133450362485e-6
0.8 1.405073777591676e-6
0.79 1.1073223530633454e-6
0.9 1.4850514875969542e-6
0.81 1.2072880357456236e-6
0.78 1.6664548572900716e-6
0.94 0.1344625215467114
0.97 0.2600248938423278
0.95 0.17376992330879729
0.96 0.2154792186279964
0.77 1.1803591078854952e-6
0.98 0.3079458600114875
0.76 1.1056255106978093e-6
0.9299999999999999 0.09724422088057659
0.99 0.36014272688780474
1.0 0.4201059437283507
0.92 0.061894471336971554
0.91 0.028387305885010265
