1.0 0.5077924840773782
0.99 0.4823017110432405
0.98 0.46652626781503315
0.97 0.4542921091365065
0.96 0.4438892519830043
0.95 0.4346635467769993
0.94 0.42631906901721606
0.9299999999999999 0.4186082087440845
0.92 0.41148920457548677
0.91 0.4048200167391303
0.9 0.3985140888999757
0.89 0.3925746715797427
0.88 0.38689446267403194
0.87 0.38149196794390405
0.86 0.3763559998736982
0.85 0.3713853097963132
0.84 0.3666450955687415
0.83 0.362030442811055
0.8200000000000001 0.3576006861843506
0.81 0.35329594991625485
0.8 0.34913497375656877
0.79 0.3451152704032274
0.78 0.3412055614942589
0.77 0.3374049442579295
0.76 0.33368708763467425
0.75 0.3301033626368581
0.74 0.3265743397439221
0.73 0.32314119418577464
