1.0 0.8349437399563666
0.99 0.8097953171902817
0.98 0.788061348191102
0.97 0.7684697167745622
0.96 0.7500939926511629
0.95 0.7326947341665888
0.94 0.7161127973552637
0.9299999999999999 0.7001810729903863
0.92 0.6848068720746231
0.91 0.6699899544140733
0.9 0.6556610297648419
0.89 0.6417790923688623
0.88 0.6283387857385309
0.87 0.6153335238544079
0.86 0.6027501432638409
0.85 0.5905825024662219
0.84 0.5788172697814703
0.83 0.5674439426013766
0.8200000000000001 0.556450207361657
0.81 0.5458204112929942
0.8 0.5355592574357124
0.79 0.5257208741202803
0.78 0.5163279209178085
0.77 0.507382935883019
0.76 0.4988915639448108
0.75 0.49086340556603464
0.74 0.4833134543089095
0.73 0.47618848331628666
0.72 0.4691172601779831
0.71 0.4620464862036803
0.7 0.454975193565422
0.69 0.4479041801657409
0.6799999999999999 0.4408330729548756
0.6699999999999999 0.43376203374969924
0.6599999999999999 0.4266908520805674
0.65 0.41962003209205695
0.64 0.41254887953251523
0.63 0.4054778761368843
0.62 0.39840654939006653
0.61 0.3913356371729485
0.6 0.38426466236556445
