1.0 0.895784374472167
0.99 0.8624292833295897
0.98 0.8344829214008754
0.97 0.8101994909101691
0.96 0.7887650952887141
0.95 0.769323826374124
0.94 0.7510280563921775
0.9299999999999999 0.7336668287954113
0.92 0.7171094329937626
0.91 0.7012562391835399
0.9 0.6859920915821677
0.89 0.6712611086496437
0.88 0.6570815467895699
0.87 0.6434290436848032
0.86 0.6302887774214037
0.85 0.6176100945928491
0.84 0.6053402256259621
0.83 0.5934689288486221
0.8200000000000001 0.581983952966047
0.81 0.5708747593283084
0.8 0.5601284275164492
0.79 0.5497355481054804
0.78 0.539733591175562
0.77 0.5301667904873443
0.76 0.5210404503035686
0.75 0.5123603306692759
0.74 0.5041362131536142
0.73 0.49638259350357866
0.72 0.48911726928151383
0.71 0.48204624726579687
0.7 0.4749752592918529
0.69 0.4679042649557229
0.6799999999999999 0.4608331082203682
0.6699999999999999 0.453762069297941
0.6599999999999999 0.44669089768210285
0.65 0.4396197667250188
0.64 0.4325489881145416
0.63 0.4254776783405043
0.62 0.41840665232804447
0.61 0.41133560246651046
0.6 0.40426456083574486
0.5900000000000001 0.3971936234161831
