1.0 0.9999204639080845
0.99 0.9364228928866515
0.98 0.8967137549313413
0.97 0.8643874790635007
0.96 0.8368000186385568
0.95 0.8126669851253016
0.94 0.7912809933665992
0.9299999999999999 0.7718939565433179
0.92 0.7536530816843681
0.91 0.7363421139063138
0.9 0.7198273153756092
0.89 0.7039996384986958
0.88 0.6887887280950624
0.87 0.6741419440601493
0.86 0.6600614848798515
0.85 0.6465078333546407
0.84 0.633445004878475
0.83 0.6208456942108248
0.8200000000000001 0.6086875688133964
0.81 0.5969513000858064
0.8 0.5856182025353577
0.79 0.5746749279081619
0.78 0.56410678012196
0.77 0.5539063187349818
0.76 0.5441276912951969
0.75 0.534798446398523
0.74 0.5259194027990826
0.73 0.5174959108745996
0.72 0.509539243948093
0.71 0.5020682341413473
0.7 0.4949755804326958
0.69 0.4879045013425938
0.6799999999999999 0.4808334699938132
0.6699999999999999 0.47376229878731485
0.6599999999999999 0.4666912567721363
0.65 0.4596201518761568
0.64 0.45254911463835823
0.63 0.44547817585536625
0.62 0.4384070071585437
0.61 0.43133600499156505
0.6 0.4242649264808072
0.5900000000000001 0.417193850207729
0.5800000000000001 0.4101227812772387
