1.0 0.8940631689851603
0.99 0.8638797205875354
0.98 0.838363094640983
0.97 0.8155209539552758
0.96 0.7947412436250062
0.95 0.7751641113481663
0.94 0.7568910159382212
0.9299999999999999 0.739564952910104
0.92 0.7230834870656307
0.91 0.7072228752221378
0.9 0.692053727084666
0.89 0.6775021560903116
0.88 0.6632638262684362
0.87 0.6497120475767594
0.86 0.6363020386056992
0.85 0.6233906655770822
0.84 0.6107260607627544
0.83 0.598360244462751
0.8200000000000001 0.5862285397000092
0.81 0.5743998451108283
0.8 0.5625748841492294
0.79 0.5511393376757485
0.78 0.5398950187232447
0.77 0.5287988921204192
0.76 0.5179600222003793
0.75 0.5072807561681322
0.74 0.4966172509846717
0.73 0.4862346764028716
0.72 0.475996271379789
0.71 0.4659818593980444
0.7 0.4561073302047429
0.69 0.44638412425423235
0.6799999999999999 0.43679561415107215
0.6699999999999999 0.4272974076656562
0.6599999999999999 0.418015133760452
0.65 0.4088529636085189
0.64 0.39981913893987175
