1.0 0.506088653682886
0.99 0.6846527097367953
0.98 0.7334045792944378
0.97 0.7602352942653117
0.96 0.776836406063935
0.95 0.7877890863654702
0.94 0.7960883043087648
0.9299999999999999 0.8031947756351574
0.92 0.8092186836054523
0.91 0.8142563864018166
0.9 0.818281583054611
0.89 0.8217340336921682
0.88 0.8249755004051279
0.87 0.8281080532592668
0.86 0.8312334905144692
0.85 0.8343586882139524
0.84 0.8374838765777084
0.83 0.8406090644599166
0.8200000000000001 0.84373431452115
0.81 0.8459717243099935
0.8 0.8478732401667405
0.79 0.8497748603705048
0.78 0.8516764354180175
0.77 0.8535780155364612
0.76 0.8554797579536171
0.75 0.8573811705084591
0.74 0.8592827969508421
0.73 0.8611843622945554
0.72 0.8630859647204507
0.71 0.8649875804001607
0.7 0.8668891008548522
0.69 0.8687906934143482
0.6799999999999999 0.8706923398408346
0.6699999999999999 0.8725938538484153
0.6599999999999999 0.8744954308956518
0.65 0.876397042919582
0.64 0.8782986153714983
0.63 0.8802002276472302
0.62 0.8821017711866187
0.61 0.884003360045027
0.6 0.8859049799411414
0.5900000000000001 0.8878065234607415
0.5800000000000001 0.8897081277608029
0.5700000000000001 0.8916097080021566
0.56 0.8935112981049134
0.55 0.8954128992203567
0.54 0.8973144623060006
0.53 0.8992160315592483
0.52 0.9011176369786157
0.51 0.9030191975863981
0.5 0.9049207741572189
0.49 0.9068223433002376
0.48 0.9087239562039511
0.47 0.9106255341628139
0.45999999999999996 0.9125271809185034
0.44999999999999996 0.9144287360670812
0.43999999999999995 0.9163302921903267
0.43000000000000005 0.9182318838230797
0.42000000000000004 0.9201334480411354
0.41000000000000003 0.9220350608661663
0.4 0.9239366179390286
0.39 0.9258381640574906
0.38 0.927739798929341
0.37 0.9296414520250542
0.36 0.9315429834050637
0.35 0.9334445912631038
0.33999999999999997 0.9353461414146
0.32999999999999996 0.9372477438214786
0.31999999999999995 0.9391493608325328
0.31000000000000005 0.9410508918413607
0.30000000000000004 0.9429524922520508
0.29000000000000004 0.9448540675049093
0.28 0.946755652323907
0.27 0.9486572361282029
0.26 0.9505588306251181
0.25 0.952460387513194
0.24 0.9543619736793277
0.22999999999999998 0.9562635736152635
0.21999999999999997 0.9581651592617699
0.20999999999999996 0.9600666371017526
0.19999999999999996 0.9619683285747451
0.18999999999999995 0.9638699165754865
0.18000000000000005 0.9657714964941628
0.17000000000000004 0.9676730798287898
0.16000000000000003 0.9695745967186974
0.15000000000000002 0.9714762713735237
0.14 0.9733778311795771
0.13 0.9752790637009658
0.12 0.9771810005897532
0.10999999999999999 0.9790825163934156
0.09999999999999998 0.9809841747421111
0.08999999999999997 0.9828857178865744
0.07999999999999996 0.9847873172353038
0.06999999999999995 0.9866888624285999
0.06000000000000005 0.9885905053433794
0.050000000000000044 0.9904920685823251
0.040000000000000036 0.9923935888947275
0.030000000000000027 0.9942952256061997
0.020000000000000018 0.9961967173301648
0.010000000000000009 0.9980982225956254
0.0 0.999999682692071
