1.0 0.5015800403218524
0.99 0.6387469995051533
0.98 0.6932268717126624
0.97 0.7330107649670031
0.96 0.7639625180309746
0.95 0.7867014466835134
0.94 0.8047852336829173
0.9299999999999999 0.8201082369473971
0.92 0.833431136118107
0.91 0.8453779506228394
0.9 0.8561624161860293
0.89 0.8660243795516451
0.88 0.8751488749137393
0.87 0.8836107032947016
0.86 0.8915171370629436
0.85 0.8989394175913141
0.84 0.9060297706048787
0.83 0.9131012314950689
0.8200000000000001 0.920172453978696
0.81 0.9272435946340027
0.8 0.9343146980120871
0.79 0.9413857900181175
0.78 0.9484569278550508
0.77 0.95552791121674
0.76 0.9625990305353369
0.75 0.9696700531701323
0.74 0.9767410521520292
0.73 0.9838120849959133
0.72 0.9908831673973629
0.71 0.9979542606793476
0.7 0.9999998799818113
