1.0 0.5016654983034703
0.99 0.6436532484052192
0.98 0.7030950514733229
0.97 0.7478957204970098
0.96 0.7839990991279735
0.95 0.8117166113400849
0.94 0.8348022875841337
0.9299999999999999 0.8550639540653031
0.92 0.8734559254864932
0.91 0.8903644650409406
0.9 0.9061670029820413
0.89 0.9210367679578977
0.88 0.9350795734239663
0.87 0.9471984486354976
0.86 0.9580278696725002
0.85 0.968645569039351
0.84 0.9791003083694295
0.83 0.98939979033248
0.8200000000000001 0.9995457109506694
0.81 0.9999999911552369
