1.0 0.5011848655197635
0.99 0.5885144383749938
0.98 0.6187440354557567
0.97 0.6390390316461686
0.96 0.654850726591775
0.95 0.6679889829111496
0.94 0.6792561139281438
0.9299999999999999 0.6890328667968981
0.92 0.6975292011262342
0.91 0.7044909679803198
0.9 0.7095487865847502
0.89 0.7135456065182877
0.88 0.71702007557369
0.87 0.7203267446923254
0.86 0.7235978788157594
0.85 0.7268686206185673
0.84 0.7301382063978451
0.83 0.7334149557780794
0.8200000000000001 0.7366766337824123
0.81 0.7399307301434442
0.8 0.7431927706085091
0.79 0.7464640438822078
0.78 0.7497034985371683
0.77 0.7529626227759422
0.76 0.7562009557013899
0.75 0.7594494988877989
0.74 0.7626972887443982
0.73 0.7659443227227972
0.72 0.7691825167425929
0.71 0.7724101788443879
0.7 0.7756589988470444
0.69 0.7788830071253506
0.6799999999999999 0.7821224202676668
0.6699999999999999 0.7853542689317906
0.6599999999999999 0.7885858462855576
0.65 0.7918107280567279
0.64 0.7950449687328366
0.63 0.7982670319244933
0.62 0.8014920953141396
0.61 0.8047140832570773
0.6 0.8079318699203314
0.5900000000000001 0.8111589257661049
0.5800000000000001 0.8143801203616654
0.5700000000000001 0.8175995892327056
0.56 0.8208234758497465
0.55 0.8240311019840861
0.54 0.8272442165732822
0.53 0.8304576501191566
0.52 0.8336724675787491
0.51 0.8368849265928603
0.5 0.8401106172656109
0.49 0.8433097180689664
0.48 0.8465205137301038
0.47 0.8497286557990478
0.45999999999999996 0.8529430146258704
0.44999999999999996 0.8561479437567351
0.43999999999999995 0.8593583762641709
0.43000000000000005 0.8625636468262774
0.42000000000000004 0.8657747575885661
0.41000000000000003 0.8689762372963982
0.4 0.8721825718566526
0.39 0.8753834572327187
0.38 0.8785866143065937
0.37 0.881790843746158
0.36 0.8849896464801759
0.35 0.8881968940881781
0.33999999999999997 0.8913986756594039
0.32999999999999996 0.8945988210340965
0.31999999999999995 0.8978026968761773
0.31000000000000005 0.9009952443279319
