1.0 0.6824853466085405
0.99 0.6477407985031557
0.98 0.628537094140429
0.97 0.6133935559366276
0.96 0.60026805738844
0.95 0.5884935966170042
0.94 0.577744932884751
0.9299999999999999 0.5677803998008353
0.92 0.5584671537572503
0.91 0.5497207201673908
0.9 0.5414191849730438
0.89 0.5335619600922746
0.88 0.5260695332208005
0.87 0.5188798723548942
0.86 0.5120103336740115
0.85 0.5053886502674347
0.84 0.49899790737303845
0.83 0.4928421153295861
0.8200000000000001 0.48688109827890963
0.81 0.4811186061433295
0.8 0.47555599817144806
0.79 0.4701034743012427
0.78 0.46484024866892
0.77 0.45969407338544804
0.76 0.4547225029634315
0.75 0.4498772286602545
0.74 0.4451173386641242
0.73 0.4405220407448452
0.72 0.43596752040873005
0.71 0.4315827623461885
0.7 0.42725944575238095
0.69 0.42304094187750146
0.6799999999999999 0.418928910704793
0.6699999999999999 0.4148953214439332
0.6599999999999999 0.41093323578773894
0.65 0.4070789204346181
0.64 0.40328081188377923
0.63 0.3995813296868483
0.62 0.3959133296137056
