1.0 0.45588572581998676
0.99 0.4243750775582651
0.98 0.40749231760907806
0.97 0.3949520757786762
0.96 0.3844746044188059
0.95 0.3752709915793199
0.94 0.3669942653738278
0.9299999999999999 0.35941289224679884
0.92 0.352408728195377
0.91 0.34589969277688587
0.9 0.3398048739013367
0.89 0.3339863556265434
0.88 0.32850220760305693
0.87 0.32328933538912247
0.86 0.3183370670827752
0.85 0.31356449524706764
0.84 0.30901665589662325
0.83 0.3046163330228381
0.8200000000000001 0.3004064553617224
0.81 0.29630228238166906
0.8 0.2923516442899805
0.79 0.28850948278520666
0.78 0.2848061561370668
0.77 0.2812300710328877
0.76 0.27771034862774296
0.75 0.2743281770068037
