1.0 0.553263326535755
0.99 0.5190405462847278
0.98 0.5006935014405709
0.97 0.48673431051727156
0.96 0.474883702730673
0.95 0.4643918993092965
0.94 0.4549082255210969
0.9299999999999999 0.44621377885615304
0.92 0.4381109731901849
0.91 0.4305752164658049
0.9 0.4234288245288028
0.89 0.41673418083713654
0.88 0.4103697637476933
0.87 0.4042911178322164
0.86 0.3984805933585722
0.85 0.3928948604609841
0.84 0.38752856097766314
0.83 0.3823709199323577
0.8200000000000001 0.37737352951742825
0.81 0.3725656032003685
0.8 0.3679007233259746
0.79 0.36336656396754097
0.78 0.3589768979340159
0.77 0.3546940754552733
0.76 0.3505655757221123
0.75 0.34651645825856064
0.74 0.3425695719964182
0.73 0.3387290758586643
0.72 0.33497304883701345
0.71 0.33130348634577605
0.7 0.3277440539415285
