0.91 4.240815349244416e-6
0.96 0.05054519650783013
0.97 0.09286329042271976
0.9 2.6432212358002513e-6
0.81 2.360513915964339e-6
0.87 1.6754074022242147e-6
0.94 7.90782626093799e-6
0.98 0.13831401781494088
0.92 4.145815830074844e-6
0.95 0.011096375752818861
1.0 0.2412938054375803
0.8200000000000001 2.190973083200745e-6
0.83 2.002784724511718e-6
0.88 3.646271858192663e-6
0.89 2.9400493495210934e-6
0.9299999999999999 4.6299959400404185e-6
0.99 0.18713546016176458
0.78 1.7694476684612686e-6
0.79 1.4935310571791166e-6
0.86 2.0175452868767455e-6
0.85 1.4624579962805696e-6
0.8 1.7358288384336296e-6
0.84 1.9749604594457028e-6
0.77 1.5814859879155923e-6
0.76 1.1602545690850457e-6
