0.99 0.5577946234058399
1.0 0.6410326008646664
0.98 0.49458021010887476
0.96 0.40052587069133455
0.97 0.4445658270269706
0.95 0.35933209541219935
0.79 3.974237214423084e-6
0.94 0.3201985903377762
0.92 0.24660181989498742
0.9299999999999999 0.2827291390965872
0.81 5.4353175753738035e-6
0.91 0.21173484681337384
0.76 3.447707227217907e-6
0.8 5.883385225632937e-6
0.89 0.14543513881193457
0.78 3.647176073214591e-6
0.88 0.11388392364890247
0.9 0.17808561127121708
0.85 0.025608786387217655
0.83 8.340059196679108e-6
0.87 0.08336787735488757
0.8200000000000001 6.149129206131865e-6
0.86 0.05387087608659938
0.84 3.3032539977253596e-5
0.77 3.533533990867926e-6
