0.97 0.5703336979291395
0.9 0.48871200643716783
0.99 0.6112616013107144
1.0 0.684688459411054
0.98 0.5882940451437901
0.85 0.4496382741774879
0.94 0.5291984077522051
0.9299999999999999 0.5179496975434023
0.84 0.4428026194755341
0.83 0.4362024053844901
0.86 0.45678076845147386
0.91 0.4978408299426492
0.96 0.555013598593133
0.92 0.5075854343258234
0.8200000000000001 0.4298296313903946
0.88 0.471963232913703
0.89 0.48013727794377753
0.87 0.46419675627014756
0.81 0.4236779059069652
0.95 0.5414787126395832
0.79 0.41193118978072524
0.76 0.3955302252262961
0.78 0.40631186013574605
0.77 0.40083492814577093
0.8 0.4177126918496345
0.75 0.3903455661913474
0.74 0.3853086254987416
0.72 0.3755878019638521
0.73 0.3803816186706801
0.71 0.3709075569284459
0.67 0.35317905513558556
0.7 0.36632797774094694
0.66 0.3489927420121384
0.65 0.34488699516554694
0.69 0.3618473112615267
0.6799999999999999 0.3574732317153618
0.64 0.3408730406990405
0.6 0.32555005221424554
0.54 0.3046454304345667
0.61 0.32927003293780355
0.63 0.3369201983813934
0.62 0.33305712452187164
0.56 0.3113609567454272
0.53 0.30138762689035253
0.55 0.3079704938253868
0.5700000000000001 0.3148046847226259
0.58 0.31831721232272675
0.51 0.2950281074232792
0.52 0.29817631837439035
0.59 0.32189839765117256

