0.99 0.7485395863291644
1.0 0.8126894104032595
0.97 0.7056910249550418
0.96 0.6889591953339345
0.98 0.7249137358146279
0.94 0.660179638156671
0.95 0.6739062586697345
0.92 0.6356618426051877
0.91 0.6245617841722293
0.9299999999999999 0.6475008408175996
0.88 0.5946019247277057
0.89 0.6040803356542417
0.87 0.5855371564452753
0.86 0.5768325125803466
0.85 0.5684781893205747
0.9 0.6140678961424842
0.84 0.5604377395355359
0.8200000000000001 0.5451443092813311
0.83 0.5526690430597256
0.81 0.5378737428778423
0.79 0.5239939702241846
0.8 0.5308344448589535
0.77 0.5108735065466797
0.78 0.5173241211236489
0.76 0.5045835189011935
0.67 0.45432999020246023
0.7 0.4697952507447208
0.73 0.4865174601979155
0.74 0.49228708483333544
0.66 0.44936338611565974
0.71 0.4752595917134045
0.69 0.4645376883868428
0.6799999999999999 0.4593816723374978
0.75 0.49831628900982744
0.72 0.48083033231531735
0.64 0.43975913689292667
0.65 0.44454349406517424
0.63 0.43511597894056697
0.61 0.426098418079078
0.62 0.4305564011048196
0.6 0.4216660942027757
0.59 0.4173740699691101
0.58 0.41314487313291964
0.56 0.40494844277858716
0.5700000000000001 0.4089906299886376
0.54 0.39703358473193334
0.55 0.400936711361714
0.53 0.3931930579369635
0.52 0.3893999019157173
0.49 0.37841189548357773
0.5 0.3820180509179868
0.51 0.3856857068696507
0.48 0.3748977545532608
0.46 0.3679847425758581
0.47 0.3714078505987932
