1.0 0.9998904182760945
0.99 0.9374635366774826
0.98 0.8940591100805413
0.97 0.856162317742143
0.96 0.8218723859062886
0.95 0.7903645908492106
0.94 0.7610753011972097
0.9299999999999999 0.7336082997890248
0.92 0.7076577272031723
0.91 0.682975592963454
0.9 0.659524834323911
0.89 0.6372066334894412
0.88 0.6160149663885902
0.87 0.5955339236113806
0.86 0.575813657876681
0.85 0.55696078893008
0.84 0.5387824751792467
0.83 0.5212031051977124
0.8200000000000001 0.5042051075291962
0.81 0.48794657200541514
0.8 0.4720389559788857
0.79 0.4567140420053046
