1.0 0.8968630366245942
0.99 0.8216127840428588
0.98 0.7557256660159575
0.97 0.6988525498426114
0.96 0.6500842149033229
0.95 0.6065315574236922
0.94 0.5663926490235509
0.9299999999999999 0.5291523030778437
0.92 0.4941282649542954
0.91 0.4610906763604563
0.9 0.429585288620283
0.89 0.39958770138860356
0.88 0.3708597212698088
0.87 0.3433464061565335
0.86 0.3171185055486737
0.85 0.29197871171167733
0.84 0.2676332403506051
0.83 0.24398027759814347
0.8200000000000001 0.22092792948880158
0.81 0.19851767902611495
