1.0 0.7897808916309078
0.99 0.6941190598018064
0.98 0.6342774751026073
0.97 0.5920277627226583
0.96 0.5605965664507073
0.95 0.5361891079037842
0.94 0.5184404440599778
0.9299999999999999 0.5053288907719626
0.92 0.49420741469263696
0.91 0.48402936978197325
0.9 0.4745653044952345
0.89 0.4657068546993939
0.88 0.4573380022588331
0.87 0.44937314942704876
0.86 0.44178347521774064
0.85 0.43457656312647486
0.84 0.4277001254271638
0.83 0.4211527477612051
0.8200000000000001 0.41491774830296024
0.81 0.4090127343880481
0.8 0.40343690947298
0.79 0.39823807894503116
0.78 0.3931754578941888
0.77 0.38813619883667755
0.76 0.3831072963162606
0.75 0.37805965170571654
0.74 0.3730072372668361
0.73 0.3679817665876871
0.72 0.3629461813844566
0.71 0.35787710054569716
0.7 0.3528491962221973
0.69 0.3478034354686918
0.6799999999999999 0.34276297434381175
