1.0 0.49589694409977425
0.99 0.4763794820513341
0.98 0.45977821246484885
0.97 0.44599469334188724
0.96 0.4344952372233021
0.95 0.42465653740428827
0.94 0.4156863384186007
0.9299999999999999 0.40730576759422493
0.92 0.3994030124338
0.91 0.39193190394100863
0.9 0.38484376594521924
0.89 0.3781554578900784
0.88 0.37178926871534157
0.87 0.36585016362230566
0.8600000000000001 0.3601947354394195
0.8500000000000001 0.3549205659432194
0.8400000000000001 0.34984348165089185
0.8300000000000001 0.3448085940171323
0.8200000000000001 0.3397515900432259
0.81 0.33472691487244327
0.8 0.32970865989841003
0.79 0.3246528812020808
0.78 0.3196108695983328
0.77 0.3145583074301244
0.76 0.3095401978161697
0.75 0.3045002146928159
0.74 0.29946689270433424
0.73 0.29442695083085835
