1.0 0.9475650101892008
0.99 0.9257630627769445
0.98 0.9081959256979162
0.97 0.8926598426833809
0.96 0.8784789000427293
0.95 0.8651017215722402
0.94 0.8526471199896968
0.9299999999999999 0.8406582741348113
0.92 0.8295132226957133
0.91 0.8187353140660547
0.9 0.8084646702145839
0.89 0.7987271445598845
0.88 0.7892350095649803
0.87 0.7802211642220553
0.86 0.7715745149410705
0.85 0.7630904182169679
0.84 0.755127755180562
0.83 0.7473624145060919
0.8200000000000001 0.7396378662645331
0.81 0.73233327732978
0.8 0.7250598519646778
0.79 0.7179667479260907
0.78 0.7112521500131287
0.77 0.704553400414834
0.76 0.698104720437429
0.75 0.6917263013280915
0.74 0.6855536729942457
0.73 0.679444330906078
0.72 0.6735989010206956
0.71 0.6679358256904221
0.7 0.6623362653163977
0.69 0.6566939971902178
0.6799999999999999 0.6513404073265093
0.6699999999999999 0.6461524873908411
0.6599999999999999 0.6410793835886374
0.65 0.6361061149910624
0.64 0.6311288784995269
0.63 0.6263839963052742
0.62 0.6217180170181145
0.61 0.6172272291565162
0.6 0.6127074561191284
0.5900000000000001 0.6082218793909567
0.5800000000000001 0.6041732896779489
0.5700000000000001 0.5999250385453794
0.56 0.595887361711763
0.55 0.5918385363314373
0.54 0.588068590661446
0.53 0.5841029485264395
0.52 0.5803983692070812
0.51 0.5767332063492155
0.5 0.5731205916896122
0.49 0.5697360159683609
0.48 0.566253317917251
0.47 0.5628308015294793
0.45999999999999996 0.5594897006748626
