1.0 0.5822077078121936
0.99 0.547336105173037
0.98 0.5226354098815454
0.97 0.5035457716374933
0.96 0.4876746648088975
0.95 0.4747106525014648
0.94 0.46389038052546905
0.9299999999999999 0.4540482537865728
0.92 0.44487717243599845
0.91 0.4362724019943534
0.9 0.4280798502501135
0.89 0.42033687476903786
0.88 0.41297396731627145
0.87 0.40599368158968024
0.86 0.39937568722591366
0.85 0.3931219998669013
0.84 0.38724316348068705
0.83 0.3817200382673328
0.8200000000000001 0.37649261202634265
0.81 0.37143437584942474
0.8 0.3663903010153543
0.79 0.3613601378146097
0.78 0.3563145599784975
0.77 0.3512787784596897
0.76 0.346236564382951
0.75 0.34118846869212416
0.74 0.33615259155727356
0.73 0.33111682014543864
0.72 0.3260853248029773
0.71 0.3210384100166629
