1.0 0.43595543117663305
0.99 0.41966181180119
0.98 0.4068236418454025
0.97 0.39608112684885927
0.96 0.3870248083377218
0.95 0.37878807849238955
0.94 0.3711369365185965
0.9299999999999999 0.3639307975583891
0.92 0.35705776904111064
0.91 0.350585982712292
0.9 0.3445278286751686
0.89 0.33882656067740646
0.88 0.33345827855429966
0.87 0.3283419368944774
0.86 0.32330061485752615
0.85 0.3182749068322774
0.84 0.3132326395366062
0.83 0.308201900674672
0.8200000000000001 0.30315067812253244
0.81 0.29811741695222466
0.8 0.2930837071088539
0.79 0.28804979943157516
0.78 0.2830066566915422
0.77 0.2779758297194174
0.76 0.2729329204512032
