1.0 0.8349367834820883
0.99 0.8096811715116149
0.98 0.787775608113034
0.97 0.7679546291927827
0.96 0.7493046220904971
0.95 0.7316349052604925
0.94 0.7148151896416106
0.9299999999999999 0.698741538949427
0.92 0.6832450508802894
0.91 0.6682266066836859
0.9 0.6536852843806622
0.89 0.639620748703617
0.88 0.6260386958242647
0.87 0.6129369848333721
0.86 0.6003096476799609
0.85 0.5881478879323112
0.84 0.5764403915358693
0.83 0.5651699343791883
0.8200000000000001 0.5543134231109256
0.81 0.5438704563543559
0.8 0.5338924910418071
0.79 0.5243865855767013
0.78 0.5153353428103196
0.77 0.50671988412145
