1.0 0.999903032531497
0.99 0.923109522230518
0.98 0.8666245920465716
0.97 0.8155115596664778
0.96 0.7678330417630623
0.95 0.722720517845365
0.94 0.6797636370017777
0.9299999999999999 0.6388603475633416
0.9199999999999999 0.5999925821768619
0.9099999999999999 0.5632197476269826
0.8999999999999999 0.5281522908809891
0.89 0.4943750360338062
0.88 0.4616632501717597
0.87 0.4298687742294742
0.86 0.3988676743146098
0.85 0.36857457889921863
0.84 0.33892279882922477
0.83 0.3098636642125514
0.82 0.28136263614975776
0.8099999999999999 0.25338684153463814
0.7999999999999999 0.22593316064683572
0.79 0.19900570838564527
