1.0 0.9998574247449473
0.99 0.9007614708977273
0.98 0.8362334416475506
0.97 0.7813783758035683
0.96 0.7307278530312558
0.95 0.6848879660027346
0.94 0.6404842141573445
0.9299999999999999 0.6001342309474117
0.92 0.5615019467402149
0.91 0.5242803130177129
0.9 0.48872281564447806
0.89 0.4535452425849683
0.88 0.4220772333044863
0.87 0.39057434089975135
0.86 0.35756991402861743
0.85 0.327900129255791
0.84 0.30146382492195084
0.83 0.2730462131744755
0.8200000000000001 0.24582812458868294
0.81 0.21900798401424937
0.8 0.1967640552364204
