1.0 0.9749558650975543
0.99 0.8643474104329518
0.98 0.7946682386406082
0.97 0.7410662691398275
0.96 0.6792902374129076
0.95 0.6391192535264192
0.94 0.5828318622284084
0.9299999999999999 0.5389307791360911
0.92 0.5050856400261795
0.91 0.46461834215741693
0.9 0.4328890967971908
0.89 0.39502676531290065
0.88 0.3657615014222634
0.87 0.3340566784304758
0.86 0.30148976341741496
0.85 0.27646914375956677
0.84 0.24868373934788496
0.83 0.22670842140589695
0.8200000000000001 0.19986670200011325
0.81 0.17592206883605596
