1.0 0.9999304222266824
0.99 0.9693688400882818
0.98 0.9502307943799218
0.96 0.9189539797070446
0.97 0.9338740362844358
0.94 0.8920786181555376
0.95 0.9050827948881642
0.91 0.8566095321064751
0.92 0.8679884021574555
0.9299999999999999 0.879762290396552
0.89 0.8350811281596398
0.87 0.8143572103390941
0.9 0.845733921087664
0.88 0.8246468752091088
0.86 0.8043602459325784
0.84 0.7851463965244743
0.83 0.7759657919889603
0.85 0.7945960479266388
0.81 0.7583566083293862
0.8200000000000001 0.7670147218113263
0.8 0.7499648791888343
0.78 0.7341561087156387
0.77 0.7265382807112013
0.79 0.7419557693789942
0.76 0.7192540543547341
0.75 0.7121484247876704
0.74 0.7052001399652115
0.73 0.6984961015152751
0.67 0.6611718164772922
0.64 0.6443015737639713
0.71 0.6854670524524764
0.69 0.673085834257101
0.72 0.6919116354358501
0.62 0.6336381543171485
0.6 0.6236755503681133
0.61 0.6285045035425659
0.7 0.6792140807626096
0.66 0.6553568152544914
0.65 0.6497746505521984
0.63 0.6388785082990243
0.58 0.6141618400741027
0.59 0.6189009075619032
0.5700000000000001 0.6096584424796584
0.6799999999999999 0.6670911018057529
0.56 0.6052098960584987
0.55 0.6009565113803015
0.52 0.5886640362170392
0.5 0.5809227009001109
0.51 0.5847676335939704
0.49 0.5771409465138596
0.53 0.5926800900720715
0.54 0.5967394612201177
0.47 0.5699836557550964
0.43 0.5564214818636412
0.48 0.5735776576745462
0.46 0.5664206578189764
0.44 0.5597003312101264
0.42 0.5531843177338194
0.45 0.5630604824010751
0.37 0.5379293144129679
0.41 0.5499977174279381
0.4 0.5468712549973241
0.39 0.5438629305104835
0.36 0.5350125536344446
0.38 0.5408446760561679

