0.95 0.44122283157422215
0.86 0.3680590498170704
0.81 0.339813876405709
0.87 0.37442054843325145
0.89 0.38807239704131263
0.88 0.3810697076157336
0.85 0.361968453416577
0.9299999999999999 0.4207421591780082
0.83 0.3504856913499227
0.99 0.5046949088645303
0.79 0.3298222848373553
0.8200000000000001 0.3450496785979928
0.9 0.39547414696580835
0.78 0.3250419770571331
0.94 0.4305068521164759
0.77 0.32041296705684724
0.8 0.33474575838012655
0.96 0.45316062424209375
0.97 0.46676997729285036
0.63 0.26631721789783047
0.98 0.48296166916688943
0.91 0.4033274791323658
0.84 0.35612377480115925
0.92 0.4117306418705974
0.76 0.3159013033459126
0.64 0.2696462822327578
0.62 0.263055538010333
0.7 0.2911640156317826
1.0 0.5787963851056204
0.6699999999999999 0.28006382631541893
0.69 0.28738512545517186
0.6599999999999999 0.27650699591699396
0.6799999999999999 0.28367990371012763
0.72 0.2990114188193722
0.61 0.25984988417049043
0.56 0.2447757651031482
0.5900000000000001 0.25365477924211877
0.5800000000000001 0.25064820867414017
0.53 0.23641231085869338
0.75 0.3115185191318356
0.74 0.307249025895993
0.6 0.2567298683676931
0.51 0.231084887171867
0.73 0.3030726044678081
0.71 0.29504054482408765
0.52 0.2337209249618566
0.55 0.24193998156254148
0.54 0.23915311036372064
0.65 0.2730406503101186
0.5700000000000001 0.24769300585946186
