1.0 0.4191249255906062
0.99 0.4063807233099069
0.98 0.3952807224942929
0.97 0.385979133126251
0.96 0.3777811186166335
0.95 0.3701972073390192
0.94 0.3630520320101317
0.9299999999999999 0.3563208909269966
0.92 0.3499553189325406
0.91 0.34399871655404973
0.9 0.3384247634953967
0.89 0.3331995785247033
0.88 0.32820187708908477
0.87 0.32321496083744505
0.86 0.3182324552199972
0.85 0.3132686212496522
0.84 0.3082851753840889
0.83 0.30330009618698145
0.8200000000000001 0.29832969381319213
0.81 0.29335768190182937
0.8 0.2883765804234047
0.79 0.2834096870489985
0.78 0.27842268807721987
