1.0 0.9132130008607076
0.99 0.8657880750355034
0.98 0.8234652180049769
0.97 0.7832278108384623
0.96 0.7441819839652009
0.95 0.7068967701105853
0.94 0.670714597314822
0.9299999999999999 0.6353610707444165
0.92 0.6010071924021507
0.91 0.5670600220684291
0.9 0.5336938478203337
0.89 0.49993301406187785
0.88 0.46711931763559333
0.87 0.43417614759143264
0.86 0.4018837648880216
0.85 0.3699878984765593
0.84 0.3384436757349003
0.83 0.30712425890037715
0.8200000000000001 0.27666565805283566
0.81 0.24650433722984946
0.8 0.21712536568395496
0.79 0.1882114977167218
