1.0 0.7891730766269434
0.99 0.7690436330328831
0.98 0.7504081829782652
0.97 0.7327744536949964
0.96 0.7159535644909969
0.95 0.6996550702487161
0.94 0.6837921219411084
0.9299999999999999 0.6683805839050212
0.92 0.6534306152748537
0.91 0.638956466053121
0.9 0.6249609613632688
0.89 0.6114511088222738
0.88 0.5984240752766327
0.87 0.5858768730582403
0.86 0.5738000459908122
0.85 0.5621812499459997
0.84 0.5510020687842169
0.83 0.5402402084504975
0.8200000000000001 0.5299115744904905
0.81 0.5200650433760284
0.8 0.5106958347697591
0.79 0.5017852228805046
0.78 0.4933127949696672
