1.0 0.8957860967903731
0.99 0.8622504655813255
0.98 0.8339859620422256
0.97 0.8093899924153877
0.96 0.7876853827532867
0.95 0.7679104825768924
0.94 0.7492841072753456
0.9299999999999999 0.7316127175008843
0.92 0.7147749861190864
0.91 0.6986691487427298
0.9 0.6832263964624162
0.89 0.6684639986279072
0.88 0.6543113208838595
0.87 0.640651533385939
0.86 0.6274712319882619
0.85 0.6147618913652667
0.84 0.6025157617863451
0.83 0.590719263088146
0.8200000000000001 0.5793582977957036
0.81 0.5684107744340889
0.8 0.5578629878684183
0.79 0.5477575010160977
0.78 0.5381183597600802
0.77 0.5289306812081304
0.76 0.5201757804545752
