1.0 0.9999188483133736
0.99 0.9359384677023961
0.98 0.895629587048427
0.97 0.8627872797008348
0.96 0.8347852930877546
0.95 0.8103554232175942
0.94 0.7888017327701672
0.9299999999999999 0.7690887984576494
0.92 0.7505320403171559
0.91 0.7329372745809294
0.9 0.7161703522778907
0.89 0.7001286257311141
0.88 0.6847445622159227
0.87 0.67002425493637
0.86 0.6559348284191184
0.85 0.6424340679471243
0.84 0.6294838946931013
0.83 0.6170501351426995
0.8200000000000001 0.6051023295003528
0.81 0.5936129380686934
0.8 0.5825570403604183
0.79 0.5719112207365264
0.78 0.5616712101722985
0.77 0.5518949518330966
0.76 0.5425709840056764
0.75 0.5336790586534509
