1.0 0.9997932382977363
0.99 0.8982061595599001
0.98 0.8235187769704005
0.97 0.7580034468212757
0.96 0.7007899027110861
0.95 0.6518417277673354
0.94 0.6077482038559228
0.9299999999999999 0.5673752983788056
0.92 0.5298289351204682
0.91 0.49446671353264926
0.9 0.4610758345813355
0.89 0.42928639417367986
0.88 0.39897970806188177
0.87 0.3698409056529481
0.86 0.3420526673249007
0.85 0.31546870465282434
0.84 0.2898360632372965
0.83 0.26512745034033847
0.8200000000000001 0.24106052087880625
0.81 0.21766024722031763
0.8 0.19487599704102707
0.79 0.17266621645940294
0.78 0.15096147740618213
0.77 0.12960869707476105
0.76 0.10851687229750784
0.75 0.08759912155064047
0.74 0.06682775928425261
0.73 0.0462389388073773
0.72 0.02587748109031893
0.71 0.0057706578258839075
0.7 3.7535503550922867e-6
