1.0 0.6069678427735523
0.99 0.5651759636768474
0.98 0.5263345667029173
0.97 0.48897479849344794
0.96 0.45245353664759796
0.95 0.41672619044734693
0.94 0.38148676782318414
0.9299999999999999 0.3470198905647283
0.79 1.094156513432909e-6
0.78 1.2141793431035967e-6
0.77 1.2333928781333627e-6
0.76 9.181067999690806e-7
0.92 0.31334572154824064
0.9 0.25027395371860783
0.91 0.2809870097222589
0.89 0.2211345140638569
0.83 0.0773809776558492
0.8 0.01604485783872732
0.8200000000000001 0.05661740437276761
0.85 0.1205571236281968
0.81 0.036196342178297744
0.88 0.19367578418446224
0.87 0.16776245748212307
0.86 0.1435077445790673
0.84 0.09859672930858211

