1.0 0.9999431339550304
0.99 0.9480910379037768
0.98 0.9147844816012969
0.97 0.8867626306611799
0.96 0.8622615229101133
0.95 0.8403909430658106
0.94 0.820544390280457
0.9299999999999999 0.8023125711717585
0.92 0.7854868466035446
0.91 0.7699956965108979
0.9 0.7555036680597035
0.89 0.7419122974553248
0.88 0.7293794888336713
0.87 0.717399449567964
0.86 0.7061518118072739
0.85 0.6954987670914677
0.84 0.6854049341105735
0.83 0.6759137468056724
0.8200000000000001 0.6667759390787393
0.81 0.658149519977444
0.8 0.6499835598312477
0.79 0.642147238062052
0.78 0.6346633285019838
0.77 0.6275420918610649
0.76 0.6207139925250186
0.75 0.6141779209465551
0.74 0.6078755527968125
0.73 0.6018590582859048
0.72 0.5961705142316334
0.71 0.5905035632059145
