1.0 0.7166549372696221
0.96 0.5398369468314788
0.89 0.4219218516342304
0.97 0.5635459449961769
0.98 0.5917116419574288
0.91 0.45041648831314895
0.9 0.43581347946246746
0.99 0.628409435125248
0.95 0.5188397682597902
0.92 0.4658293627561558
0.94 0.4998071367815132
0.9299999999999999 0.48224286336083955
0.87 0.3958565044013406
0.88 0.40861648683815344
0.84 0.3603144228638307
0.86 0.38360056448377
0.85 0.3717512225482186
0.83 0.34880449626248533
0.82 0.33810012975198095
0.8099999999999999 0.32767597136124316
0.77 0.2888949597224236
0.76 0.2798831936525268
0.7799999999999999 0.2982510730971895
0.74 0.26226398865173056
0.75 0.270971467166003
0.7899999999999999 0.3078166266449895
0.7999999999999999 0.31758226750759116
0.69 0.221916646860205
0.71 0.23752808438876882
0.73 0.25375317363013333
0.72 0.2456096614603624
0.7 0.2296685600996736
