0.94 0.31698378702698976
0.99 0.4400272530617228
1.0 0.5356260982474945
0.96 0.3535968336623704
0.98 0.4033974772766575
0.95 0.3341998426718243
0.89 0.24949615378690124
0.84 0.19899062269162024
0.86 0.2177816678126186
0.85 0.20818231487715405
0.97 0.3760739711254611
0.87 0.22783125605821525
0.9299999999999999 0.3013936247980248
0.92 0.2870527295100104
0.88 0.23837545870042132
0.91 0.273701315228916
0.81 0.173499235031816
0.9 0.2612404252903477
0.83 0.19014348661098926
0.8200000000000001 0.1816727412870522
