1.0 0.999918695462314
0.81 0.6534503229000274
0.94 0.8558808150970659
0.9 0.7862686575914622
0.95 0.8748073367090053
0.89 0.7702097354739244
0.91 0.8028882589043279
0.92 0.8199932482083725
0.8200000000000001 0.6670350964549941
0.97 0.9156816811448055
0.96 0.8946755859306906
0.9299999999999999 0.8376607955260313
0.87 0.7392366016513385
0.98 0.9382738791567977
0.88 0.7545120725629118
0.99 0.96341589461739
0.85 0.7095797749416536
0.84 0.6951676973090606
0.86 0.7241789419494983
0.83 0.680959742069237
0.78 0.6139853175349848
0.79 0.6269059487744896
0.76 0.5888131025079704
0.8 0.6400619634712273
0.77 0.6012531360522001
0.72 0.5406483143866188
0.75 0.5760963425942066
0.74 0.5642507195544275
0.73 0.5524052499805705
0.71 0.5292260553339914
0.69 0.5070535625000682
0.66 0.4750758155244252
0.7 0.5179775313716585
0.6799999999999999 0.4961822069580338
0.65 0.46457363951274716
0.67 0.4855953305516294
0.64 0.45435553765068093
0.63 0.4444312510982551
0.61 0.4249743132340913
0.62 0.434540030341048
0.6 0.4153381173641034
0.5700000000000001 0.38728778586465124
0.58 0.3964667275927433
0.59 0.4058138704165521
0.56 0.3780378039272455
