1.0 0.4152831595056306
0.99 0.39239307212547087
0.98 0.37813755201576976
0.97 0.3672421505634074
0.96 0.35806931256815033
0.95 0.3500024950688371
0.94 0.3427326897801809
0.9299999999999999 0.33605435604084755
0.92 0.3298758917095583
0.91 0.3241138323994277
0.9 0.3187066994661279
0.89 0.31355989067540796
0.88 0.3087183902345948
0.87 0.30411200858541887
0.86 0.29969267556754015
0.85 0.2954667657940103
0.84 0.2914150276648712
0.83 0.287535972544434
0.8200000000000001 0.2837538125932847
0.81 0.2801339860853359
0.8 0.2766247691435992
0.79 0.27321761160737285
