1.0 0.9140327773900412
0.99 0.8951561405988172
0.98 0.8791728995796947
0.97 0.8646336725396285
0.96 0.8514544649384991
0.95 0.8392442913244914
0.94 0.8276441533773907
0.9299999999999999 0.8165958047114285
0.92 0.8062140387164417
0.91 0.7963899933043316
0.9 0.7869329589455685
0.89 0.7777864505907855
0.88 0.7691409098210117
0.87 0.7606277955610214
0.86 0.7525518830663344
0.85 0.7448908227460419
0.84 0.7373827650032296
0.83 0.730331246305999
0.8200000000000001 0.7232601331527455
0.81 0.7164054776435318
0.8 0.7097310703013205
0.79 0.7032665493256656
0.78 0.6969919165988092
0.77 0.6908546736896576
0.76 0.6849688230967299
0.75 0.6790624533388401
0.74 0.6732916626691429
0.73 0.6677809457720973
0.72 0.6623225145254273
0.71 0.6570645974495205
0.7 0.6518890273573832
0.69 0.6466532773913244
0.6799999999999999 0.6416060991804649
0.6699999999999999 0.6369071438579527
0.6599999999999999 0.6321863703054775
0.65 0.6274468257063136
0.64 0.622913810640299
0.63 0.618437787777655
0.62 0.6141125848561103
0.61 0.6098817976899481
0.6 0.6056051143344775
0.5900000000000001 0.6016049082771043
0.5800000000000001 0.597682537116222
0.5700000000000001 0.5937050616496379
0.56 0.5898645972861081
0.55 0.5862094355265869
0.54 0.5824614865796324
0.53 0.5786380135126888
0.52 0.5753059372238991
0.51 0.5716619292253111
0.5 0.5683554240248628
0.49000000000000005 0.5651796734117867
0.48000000000000004 0.5619054196997495
0.47000000000000003 0.5587097584543967
