1.0 0.634004033652464
0.99 0.606948915212474
0.98 0.5899780063926439
0.97 0.5764734923924923
0.96 0.5648402407053028
0.95 0.5543975634001698
0.94 0.5448648174010822
0.9299999999999999 0.5360208947712716
0.92 0.5277722092698018
0.91 0.5200064036556392
0.9 0.5126369266738438
0.89 0.5056572384124082
0.88 0.49898233071583503
0.87 0.4925910902446036
0.86 0.486457112550086
0.85 0.48055332642804566
0.84 0.4748682576233767
0.83 0.4693609797792039
0.8200000000000001 0.46401996868124223
0.81 0.4588830442917985
0.8 0.4539017833179777
0.79 0.4490568020556405
0.78 0.44432995494438493
0.77 0.4397455368069677
0.76 0.4352848253383331
0.75 0.43091271494809996
0.74 0.42665012203890573
0.73 0.4225149748544963
0.72 0.4184705350098112
0.71 0.414504629304399
0.7 0.410632778115257
0.69 0.4068607005630349
0.6799999999999999 0.40314020328663125
0.6699999999999999 0.3995335953021476
0.6599999999999999 0.39597984013418047
0.65 0.3924947780461124
