1.0 0.5015834884132018
0.99 0.6372836343102793
0.98 0.6916766374260059
0.97 0.7317005938606143
0.96 0.7618747715134933
0.95 0.7855585985215031
0.94 0.8035624182703216
0.9299999999999999 0.818891511314582
0.92 0.8328031829460505
0.91 0.8447988922400469
0.9 0.8554974283242762
0.89 0.8657137890621186
0.88 0.8747808175057046
0.87 0.8833357397616747
0.86 0.8913734544718885
0.85 0.8988426614688326
0.84 0.906025365181877
0.83 0.9130997528263327
0.8200000000000001 0.9201705162399664
0.81 0.9272409127650645
0.8 0.9343136225694086
0.79 0.9413853298717517
0.78 0.9484562782856416
0.77 0.9555273857720976
0.76 0.9625986253560228
0.75 0.9696694584046639
0.74 0.9767407673500018
0.73 0.9838119273270491
0.72 0.9908829519113225
0.71 0.9979541024293254
0.7 0.9999998552658265
