1.0 0.5011341030328473
0.99 0.6386921121670455
0.98 0.6929660921393832
0.97 0.7328633614327368
0.96 0.7636364691261145
0.95 0.7862122942391966
0.94 0.8046490102876998
0.9299999999999999 0.8198464420315447
0.92 0.8333215006494956
0.91 0.8452426456041473
0.9 0.8560783191484633
0.89 0.8659277652719146
0.88 0.8751004798297948
0.87 0.8835572555946059
0.86 0.8914886524116812
0.85 0.8989296419613546
0.84 0.9060296366482956
0.83 0.9131011387107595
0.8200000000000001 0.9201723642293803
0.81 0.9272433990030633
0.8 0.934314482242327
0.79 0.9413854746404581
0.78 0.9484566653986258
0.77 0.955527715389154
0.76 0.9625988465706895
0.75 0.9696699484946044
0.74 0.9767410488541369
0.73 0.9838120373572404
0.72 0.9908831578828747
0.71 0.9979542760954536
0.7 0.9999998159797242