1.0 0.5015131819806232
0.99 0.6422789401415183
0.98 0.7012658539465052
0.97 0.7457449874606296
0.96 0.7825010442687966
0.95 0.8103375753145999
0.94 0.8330476745985887
0.9299999999999999 0.854105918805348
0.92 0.8724497918495647
0.91 0.8895713958876461
0.9 0.9055330949175475
0.89 0.9205766795235897
0.88 0.9347304141839954
0.87 0.9469945769972449
0.86 0.9578399477136254
0.85 0.968466133109122
0.84 0.9789780422488645
0.83 0.9892878037366807
0.8200000000000001 0.9993883086001816
0.81 0.9999999900683743
