1.0 0.5012378885423954
0.99 0.6437194016319947
0.98 0.7029244072540553
0.97 0.747803614743834
0.96 0.7838602493050679
0.95 0.8112689134094238
0.94 0.8345433395902827
0.9299999999999999 0.8547784232379508
0.92 0.8732106298175597
0.91 0.8902462925861989
0.9 0.9060102090666485
0.89 0.9209482528097105
0.88 0.935041849531707
0.87 0.9471755792697172
0.86 0.9579888451633284
0.85 0.9686208040449363
0.84 0.979088447562279
0.83 0.9893766748065214
0.8200000000000001 0.9995231636541687
0.81 1.0000000055362204
