1.0 0.5026902449076749
0.99 0.6853487529278778
0.98 0.7346326409857903
0.97 0.7649540047413572
0.96 0.7895465890854878
0.95 0.8104342504356947
0.94 0.8291837123212182
0.9299999999999999 0.8460521038216411
0.92 0.861514632909586
0.91 0.875340589106506
0.9 0.8882603405428745
0.89 0.9000182678028443
0.88 0.9108628900683722
0.87 0.9207887321552916
0.86 0.929476647755516
0.85 0.9369223010518966
0.84 0.9434493320830392
0.83 0.9493374942761674
0.8200000000000001 0.9547339939713995
0.81 0.9597612441010741
0.8 0.9644963010394273
0.79 0.968949750867155
0.78 0.9732339390597702
0.77 0.9773642893410311
0.76 0.981346719643854
0.75 0.985199239153692
0.74 0.9889496035962426
0.73 0.9925936732885965
0.72 0.9961291845141242
0.71 0.9993295497246382
0.7 0.9999994747430057
