0.92 1.451218762539257e-6
0.91 7.72660254228629e-7
1.0 0.2483641195170762
0.98 0.1546273094860723
0.99 0.1963047319653532
0.9299999999999999 0.0007657212270377792
0.9 9.487812714816353e-7
0.97 0.11656887840360067
0.96 0.08202660445595507
0.88 6.960141790101675e-7
0.87 7.387980943797205e-7
0.86 7.17119320679228e-7
0.89 9.529569759433526e-7
0.85 7.798122229596756e-7
0.84 6.635114649549066e-7
0.8200000000000001 8.255002088974973e-7
0.95 0.050772624109730345
0.83 7.373502679708886e-7
0.81 8.074951687053036e-7
0.94 0.022894116105681227
