0.88 9.050602906454335e-7
1.0 0.3773859742528729
0.87 6.822681263890609e-7
0.86 6.652608899113991e-7
0.85 7.963886662716545e-7
0.97 0.2281784755685043
0.98 0.2684106170666584
0.84 8.512500817299662e-7
0.99 0.313241879045604
0.83 7.65204947702892e-7
0.9299999999999999 0.09839150246234274
0.96 0.1909312428837642
0.95 0.15696544314120375
0.92 0.07290020494343014
0.94 0.12598714512989792
0.91 0.049061363873631615
0.8200000000000001 7.329719651491169e-7
0.81 7.938515437246006e-7
0.9 0.026894295193496183
0.89 0.006317594291746806
