1.0 0.5736920867477217
0.8200000000000001 6.743954106135739e-7
0.83 8.396839525157967e-7
0.99 0.4790989914576655
0.81 7.36786636396316e-7
0.98 0.412860588886601
0.97 0.35846250176457134
0.96 0.31297023957156167
0.95 0.27446282320709997
0.94 0.24036858215199008
0.9 0.13105590556973834
0.88 0.08488842325592326
0.92 0.1814505138532125
0.89 0.10765262538667611
0.85 0.020523078648124474
0.86 0.04106369149934517
0.87 0.06263333052274778
0.84 0.0007736181594405358
0.91 0.15546467430539124
0.9299999999999999 0.20944837865365035
