1.0 0.999483817592702
0.99 0.7834591696527915
0.98 0.6644496217311284
0.97 0.5777069117289372
0.96 0.508200363219354
0.95 0.44991460594533056
0.94 0.4001177569302777
0.9299999999999999 0.356470956343695
0.92 0.3178693485658169
0.91 0.2841114028751533
0.9 0.253213983993629
0.89 0.22503350967079963
0.73 4.581783415308926e-6
0.87 0.17458653011467107
0.84 0.1058000505455429
0.88 0.19900942581418304
0.83 0.0837609645542959
0.85 0.12819248441144296
0.86 0.15104904369860406
0.8200000000000001 0.062096523308684974
0.8 0.020891704556094452
0.79 0.0026159994893549293
