1.0 0.5464761233316859
0.99 0.5218166356066446
0.98 0.5027507157360211
0.97 0.48691264622176705
0.96 0.47402524818695696
0.95 0.4630952626887732
0.94 0.45325042522233233
0.9299999999999999 0.4441386666232637
0.92 0.43554210522906833
0.91 0.42741193778207476
0.9 0.41973317375301705
0.89 0.4124608230212595
0.88 0.4055537751642094
0.87 0.3990086782684852
0.86 0.3928749339704672
0.85 0.3871074337973203
0.84 0.3816863412216079
0.83 0.37661654744133416
0.8200000000000001 0.3716200891790552
0.81 0.3666345196660361
0.8 0.3616517206423845
0.79 0.3566789139017815
0.78 0.3516888115499092
0.77 0.34670149614250567
0.76 0.3417344154868751
0.75 0.3367458493732556
0.74 0.33177883739904596
0.73 0.3267890272642535
