1.0 0.6913216132622383
0.99 0.6316782662057745
0.98 0.5898766584628772
0.97 0.5584399211126213
0.96 0.5345205653198157
0.95 0.5174352658907287
0.94 0.5045663584343087
0.9299999999999999 0.4934687491108404
0.92 0.4833452801548657
0.91 0.47392259067211645
0.9 0.4650923569143331
0.89 0.4567413135152414
0.88 0.4488257811006178
0.87 0.44128072328516776
0.86 0.43412929271479056
0.85 0.42731246334361034
0.84 0.42084746798613437
0.83 0.41471921923124516
0.8200000000000001 0.4089560647098878
0.81 0.403567206635425
0.8 0.39850191065258894
0.79 0.3935084261782846
0.78 0.38852470580767823
0.77 0.3835293273055354
0.76 0.37855632281836576
0.75 0.3735764751173883
0.74 0.36860324363086894
0.73 0.36361991670089555
0.72 0.3586340237636096
0.71 0.35365115832337185
0.7 0.34868117863405385
