1.0 0.4758734773229327
0.99 0.45908320190230434
0.98 0.44536241378913577
0.97 0.4336684372125421
0.96 0.42374127880497336
0.95 0.4147920385546514
0.94 0.4064545175492164
0.9299999999999999 0.3986024256361605
0.92 0.39121177980444516
0.91 0.38420740931703506
0.9 0.3775941539788739
0.89 0.3713626852638614
0.88 0.36548926410776233
0.87 0.3600270053981714
0.8600000000000001 0.3548581666703805
0.8500000000000001 0.34987133294545
0.8400000000000001 0.3449011637941878
0.8300000000000001 0.3399103456549748
0.8200000000000001 0.3349181338105153
0.81 0.32995949175729966
0.8 0.3249793691541715
0.79 0.31998915310957665
0.78 0.31501169815704155
0.77 0.3100261991919297
0.76 0.3050493496105765
0.75 0.30007017040581796
