1.0 0.5015908069298083
0.99 0.5845031087891164
0.98 0.6203968976057535
0.97 0.6483225743307048
0.96 0.6720982145539401
0.95 0.6932806287402464
0.94 0.7126479102399058
0.9299999999999999 0.7306657773560602
0.92 0.7476942478965458
0.91 0.763938537086216
0.9 0.7795551572411669
0.89 0.7945962532271031
0.88 0.8092184464335417
0.87 0.8233666549242706
0.86 0.8370712097512832
0.85 0.8504824184973354
0.84 0.8634602160099445
0.83 0.8760519989394238
0.8200000000000001 0.8883228603821482
0.81 0.9002359943619401
0.8 0.9117814307427604
0.79 0.9229972140179058
0.78 0.9337847836105972
0.77 0.9442669029305315
0.76 0.9543285232291039
0.75 0.9640220651129735
0.74 0.9732829974887314
0.73 0.9820394129543484
0.72 0.9903007835721493
0.71 0.9979294120885256
0.7 0.9999993992220444

