1.0 0.500721755018671
0.99 0.6013698053620841
0.98 0.6478070268297079
0.97 0.6838147058611422
0.96 0.7146059978618953
0.95 0.7409482357688295
0.94 0.7637454569146387
0.9299999999999999 0.7845601045537508
0.92 0.8028100331532048
0.91 0.8192800770072685
0.9 0.8339404082579241
0.89 0.8471835910074039
0.88 0.8595364479945254
0.87 0.8708668839591578
0.86 0.8812982549288423
0.85 0.8912155061025643
0.84 0.9006745795695038
0.83 0.9097416703701404
0.8200000000000001 0.918245479256173
0.81 0.9263411566664655
0.8 0.9340407779504113
0.79 0.941370395386052
0.78 0.9484567942711295
0.77 0.9555278652978256
0.76 0.9625989456448366
0.75 0.9696698851385914
0.74 0.9767410210460608
0.73 0.9838119929152775
0.72 0.9908832426140913
0.71 0.9979542341456953
0.7 0.9999998577413853

