1.0 0.5004239823030752
1.0 0.5004239823030752
0.99 0.5345376225145123
0.98 0.5528266176161798
0.97 0.5682536075856115
0.96 0.5820225177586127
0.95 0.5946155724578663
0.94 0.6063360596072208
0.9299999999999999 0.6173588898563427
0.92 0.6278066742378006
0.91 0.6377672996042467
0.9 0.6472908722204969
0.89 0.6564125542159598
0.88 0.6652003252068586
0.87 0.6736266879050214
0.86 0.681668857120189
0.85 0.6893534633882049
0.84 0.696705067096086
0.83 0.7036528198237021
0.8200000000000001 0.7101351517473491
0.81 0.7161151362845961
0.8 0.7216349362091423
0.79 0.7265431275373866
0.78 0.7310315514674773
0.77 0.7350423979503097
