1.0 0.500711322527147
0.99 0.5619416851730422
0.98 0.5912467833426021
0.97 0.6131686506024701
0.96 0.631105820864801
0.95 0.6468616475609903
0.94 0.6599235695300878
0.9299999999999999 0.6717457520860057
0.92 0.6819918072652882
0.91 0.6909024888099002
0.9 0.6985170431920493
0.89 0.7048451308856127
0.88 0.710115072604594
0.87 0.7145074434607883
0.86 0.7185394841848844
0.85 0.7223575258076783
0.84 0.7259261066734306
0.83 0.7294861761918238
0.8200000000000001 0.7329278091091533
0.81 0.7364103094308371
0.8 0.7398154363625593
0.79 0.7432312872522168
0.78 0.7466143089296944
0.77 0.7500346080200756
0.76 0.7533875878081748
0.75 0.7567165166266967
0.74 0.7600731548225892
0.73 0.763387736849425
0.72 0.7667357932119547
0.71 0.7700337140660745
0.7 0.7733431141688556
0.69 0.7766468509489519
0.6799999999999999 0.7799640871779902
0.6699999999999999 0.7832318835530871
0.6599999999999999 0.786540619755487
0.65 0.7898075312189624
0.64 0.793085559114782
0.63 0.7963749724102374
0.62 0.799632176109355
0.61 0.802902790672021
0.6 0.8061620171119602
0.5900000000000001 0.8094229751912514
0.5800000000000001 0.8126856019572546
0.5700000000000001 0.815940883088074
0.56 0.8191976021271328
0.55 0.8224474649041695
0.54 0.8256916771726539
0.53 0.8289408759513897
0.52 0.8321809762406224
0.51 0.8354286407572132
0.5 0.8386638570473222
0.49 0.8419172186047647
0.48 0.8451693148697124
0.47 0.848402076570408
0.45999999999999996 0.8516359690473947
0.44999999999999996 0.8548687213385779
0.43999999999999995 0.8581095997143018
0.43000000000000005 0.8613476495204505
0.42000000000000004 0.8645803234245114
0.41000000000000003 0.8678060599649676
0.4 0.8710452906441915
0.39 0.8742842642285132
0.38 0.8775139403078622
0.37 0.880745432189247
0.36 0.8839723707037307
0.35 0.8872018670641729
0.33999999999999997 0.8904340593116761
0.32999999999999996 0.8936568720477251
0.31999999999999995 0.8968889460159659
0.31000000000000005 0.9001166924047371
