1.0 0.6053219529411971
0.99 0.6763957931764002
0.98 0.7414163065089328
0.97 0.750800605512993
0.96 0.7764502386832945
0.95 0.795484455201838
0.94 0.832501894118998
0.9299999999999999 0.8405848962498909
0.92 0.8437035134909566
0.91 0.8633068898923126
0.9 0.8682323627065521
0.89 0.906955110532111
0.88 0.9037914301815826
0.87 0.9201273180109967
0.86 0.9159948633342462
0.85 0.9418929623535703
0.84 0.9402460389528886
0.83 0.9511688919866375
0.8200000000000001 0.9597309652411632
0.81 0.9745843484631849
0.8 0.9629597109057877
0.79 0.9787769224304828
0.78 0.9847499426208138
0.77 0.9859867173603282
0.76 0.9909327913736847
0.75 0.9946450750930342
0.74 0.997322851672639
0.73 0.9984167442458713
0.72 0.999689648920454
0.71 0.9999876398952576
