1.0 0.5040527069177989
0.99 0.6221600620168476
0.98 0.6647714695273597
0.97 0.6975814164050819
0.96 0.7260420875043383
0.95 0.7495972411057744
0.94 0.7716503691414943
0.9299999999999999 0.788188703090063
0.92 0.80426236064941
0.91 0.8185120185342891
0.9 0.8354953596525719
0.89 0.8490871916335786
0.88 0.8633281698806221
0.87 0.8742854465346418
0.86 0.8848722471372018
0.85 0.9049314161627158
0.84 0.9104291040597139
0.83 0.9151982513131369
0.8200000000000001 0.9295243985909132
0.81 0.9370222293931938
0.8 0.9444434063230744
0.79 0.953123899486015
0.78 0.9606195720979982
0.77 0.9730561427795568
0.76 0.9792979038661995
0.75 0.9855069690972048
0.74 0.9892936874962743
0.73 0.9950394352663825
0.72 0.998466900306299
0.71 0.999928906424713
