1.0 0.5022920262314694
0.99 0.6678246792382379
0.98 0.7262108169008276
0.97 0.7696897149506297
0.96 0.8053809177095118
0.95 0.8333035560965233
0.94 0.8609194498580556
0.9299999999999999 0.8828376227864604
0.92 0.9055489321430372
0.91 0.9212555507369653
0.9 0.9352072548141501
0.89 0.9486389272103499
0.88 0.9618437523674348
0.87 0.9713653792412478
0.86 0.9800696007450436
0.85 0.9879238341317012
0.84 0.9933056259417263
0.83 0.9971643693795498
0.8200000000000001 0.9992942156525942
0.81 0.9999966549513752
