1.0 0.39364926732773803
0.99 0.3005571996205046
0.98 0.26659940918424646
0.97 0.2417795217075214
0.95 0.2047193419922528
0.96 0.221725148352055
0.94 0.18983599188274888
0.92 0.16445916911941563
0.9299999999999999 0.17650633392538034
0.91 0.1534372329069973
0.88 0.12500573570788678
0.89 0.13385102419637518
0.9 0.14324417150218816
0.87 0.11677118683859512
0.86 0.10900792122807691
0.84 0.09474494341744154
0.83 0.08817129856261682
0.85 0.10170521215291696
0.81 0.07599671577248315
0.8200000000000001 0.08191252516308824
