1.0 0.9997325900526485
0.99 0.8988517365468924
0.98 0.8244870893326882
0.97 0.7596008682613845
0.96 0.7023032838734053
0.95 0.6538181938221017
0.94 0.6093048667987374
0.9299999999999999 0.5686302875256685
0.92 0.5310272774342788
0.91 0.4956372900115292
0.9 0.46239707574805133
0.89 0.43029839788578145
0.88 0.39979742264746915
0.87 0.37079190233096815
0.86 0.34283856999332674
0.85 0.31612765192786313
0.84 0.29057619711177946
0.83 0.26564986741924757
0.8200000000000001 0.24165413779618958
0.81 0.2180555666664477
0.8 0.19522871505057057
0.79 0.17297283836727137
0.78 0.1512102589337903
0.77 0.1298034668573585
0.76 0.10865907578181253
0.75 0.08770937064708051
