1.0 0.6959168023147595
0.98 0.6020581012608208
0.99 0.646571429618139
0.97 0.5610916248555615
0.96 0.5230236017104639
0.95 0.4866785796253964
0.9299999999999999 0.416544413241405
0.94 0.45126635203092025
0.85 0.18301456612160658
0.92 0.3825130159747435
0.91 0.3494745189166082
0.84 0.15981641466761778
0.8200000000000001 0.11574348038254025
0.78 0.03269519205337999
0.88 0.25956127229951437
0.83 0.13743408830148654
0.76 8.490313405354168e-7
0.81 0.09454238383529305
0.9 0.31797137892168287
0.89 0.2880494994052298
0.87 0.2326339461181562
0.86 0.20715469947979756
0.8 0.07365519436577243
0.77 0.012609010096292327
0.79 0.053034736303796466
