0.8200000000000001 0.17709951221286765
0.84 0.22349492601972476
0.81 0.15489079081757318
0.98 0.6944338813776278
0.86 0.27318236197567397
0.95 0.5613397359978377
0.96 0.6015961489890075
0.78 0.09094837212878658
0.87 0.29974666807974626
0.83 0.19996923394212074
0.97 0.6455419036215947
0.85 0.24789553180757123
0.79 0.11193182852016793
0.92 0.45382195314697044
0.9299999999999999 0.48821879316845307
0.8 0.13321613956657447
0.76 0.04956665918351335
0.94 0.5237768457686667
0.91 0.4202390229345607
1.0 0.8198353085122809
0.77 0.0701442606139832
0.89 0.3572149000045559
0.9 0.38798802896830714
0.88 0.3278366246606438
0.99 0.7515652300273992
