1.0 0.9998138421432651
0.99 0.882616127982408
0.98 0.7923069269855607
0.97 0.7114226409096779
0.96 0.6392058677288509
0.95 0.575272760111526
0.94 0.5163688610575243
0.9299999999999999 0.46093356158733345
0.92 0.40855647165212083
0.91 0.35864243888023944
0.9 0.3108878064870345
0.89 0.26504207724868645
0.88 0.22127012847149627
0.87 0.18085920395128335
0.86 0.1429630540832611
0.85 0.10594354611824135
0.84 0.0699049086268017
0.83 0.035080415465145606
0.8200000000000001 0.001597024589796546
0.81 4.312736576617027e-7
