1.0 0.4592265645312637
0.99 0.4384298268370549
0.98 0.42277624122613916
0.94 0.38077544946750175
0.97 0.4092138827183228
0.95 0.3891061784227317
0.9299999999999999 0.372890339241527
0.96 0.39836489565560307
0.9 0.35185693028571824
0.92 0.36550425838913597
0.91 0.35856887268147863
0.89 0.3456205440892298
0.88 0.33976058723094377
0.86 0.3287663066162045
0.81 0.3033929376898215
0.85 0.3236350718670496
0.87 0.3341214044015921
0.83 0.31345916564227566
0.84 0.3185580751638679
0.79 0.29325776506215107
0.8 0.29827386862270383
0.8200000000000001 0.30839615587641245
0.78 0.28818866512280905
0.76 0.27810787772251694
0.77 0.28319997102904315
0.75 0.27312254419800136
0.74 0.26809503434017745
0.71 0.25294204750756044
0.72 0.2579361601482919
0.69 0.24289856988016026
0.73 0.2630087660379228
0.7 0.24792878845944896
0.6799999999999999 0.2378287670694911
0.65 0.22282275854440795
0.6699999999999999 0.23281323919587602
0.64 0.2177523054367615
0.62 0.20772152816906178
0.6599999999999999 0.22777916810436966
0.61 0.2027148525027688
0.63 0.2127537327786665
0.6 0.19770305594885618
0.5800000000000001 0.18768524854201354
0.5900000000000001 0.19265782277202417
0.5700000000000001 0.1826696005369486
0.56 0.17764880146903547
