1.0 0.9993094146470272
0.99 0.8045820897033097
0.95 0.5663681176589646
0.98 0.7064733846081264
0.96 0.5993326190547995
0.97 0.6433607114464839
0.9299999999999999 0.5221360107794955
0.91 0.4957730529429726
0.94 0.541248403328609
0.92 0.5075949867643788
0.89 0.4758721761496883
0.87 0.45848527968222497
0.88 0.4669224112000477
0.8300000000000001 0.4285531943350446
0.85 0.44285970795986324
0.8400000000000001 0.4355771884684667
0.8200000000000001 0.42187986553472895
0.9 0.4853033635431972
0.81 0.4155372719154741
0.86 0.45048450116174316
