1.0 0.6398684344984006
0.99 0.5845061137775768
0.96 0.5052423821732055
0.97 0.5242292492460116
0.98 0.5497611024153223
0.95 0.48955100730705897
0.94 0.4764020819595929
0.91 0.4462394376809262
0.92 0.4554183564894964
0.9299999999999999 0.4654019107349094
0.89 0.42927724889783453
0.9 0.4375503086065582
0.87 0.4140309964573523
0.86 0.40699344791112124
0.88 0.42145026870655794
0.83 0.3877621027044648
0.85 0.4002331164264922
0.81 0.3766189869671048
0.8200000000000001 0.38210126709860326
0.84 0.3938341578719385
0.8 0.37138767896056984
0.77 0.35611466979403533
0.75 0.34587885254189427
0.79 0.3663032882827306
0.76 0.3509902717293458
0.78 0.36121783094450916
0.72 0.3305953669723471
0.74 0.3407817821385256
0.73 0.33568945952020557
0.7 0.32037106305508906
0.6699999999999999 0.30506675753457435
0.71 0.325471269992072
0.6799999999999999 0.3101582932656847
0.69 0.3152627671683725
0.6599999999999999 0.2999604337594357
