0.86 0.3666469350048427
0.89 0.38610519661701204
0.8200000000000001 0.3448763438329867
0.9 0.3932494840188142
0.84 0.35529383654098234
0.83 0.34999664917330625
0.88 0.37930249415277745
0.9299999999999999 0.41743687078080605
0.81 0.3398093864410881
0.99 0.4970589511683376
0.91 0.40087819147104503
1.0 0.5223840261940189
0.98 0.4783773611762166
0.87 0.3727726435327977
0.85 0.3608432677386511
0.94 0.426469226079983
0.92 0.40898035635879176
0.95 0.4363836399182019
0.96 0.44810612089052143
0.97 0.46220632046709487
0.8 0.33469580749583827
0.79 0.3295868552532725
0.78 0.3244695781365589
0.74 0.30405005027859433
0.75 0.30916118543397336
0.73 0.2989892269074833
0.76 0.31428368188736616
0.77 0.31937962844912526
0.71 0.28877883472666516
0.69 0.2785678575188236
0.64 0.25310027270754126
0.6799999999999999 0.27343641755378445
0.7 0.2836798337851828
0.65 0.2581573221042397
0.6699999999999999 0.2683662614737262
0.72 0.2938535720993649
0.63 0.24796357220019458
0.61 0.23778230173022802
0.6599999999999999 0.26327535737952834
0.5700000000000001 0.21735802006314828
0.5800000000000001 0.222472093758256
0.62 0.2428653539757903
0.5900000000000001 0.22757460268577867
0.6 0.2326867381868713
0.56 0.2122616323641414
