0.96 0.5975980112321405
1.0 0.999488969798765
0.91 0.4953078813566807
0.92 0.5070699734092146
0.95 0.5648855546981422
0.9299999999999999 0.5210871859342168
0.99 0.8031390150078666
0.98 0.7047778356579235
0.94 0.5399162119567797
0.97 0.6415083522599547
0.8400000000000001 0.43534824377998543
0.86 0.45027460408143544
0.85 0.44262200618392744
0.8200000000000001 0.421695880946889
0.9 0.4850447925875813
0.87 0.45826045338071003
0.88 0.4666634570129779
0.81 0.4153019909955682
0.8300000000000001 0.4283556072902919
0.89 0.47556503761391405
0.8 0.4093337624824278
0.79 0.4035386700866531
0.74 0.37764384194844736
0.78 0.3981574404265973
0.75 0.3827737123266568
0.73 0.3725720798733497
0.77 0.3929875089362166
0.76 0.3878533676073698
0.7100000000000001 0.3623698952268076
0.7200000000000001 0.36749466238848016
0.66 0.33684509548722974
0.7000000000000001 0.3572855079620417
0.67 0.34193997800736453
0.68 0.34704301089462775
0.6900000000000001 0.3521496173588059
0.63 0.32148301990860695
0.64 0.3265921152732804
0.62 0.3163801334393358
0.65 0.33168744420077534
0.61 0.31127455982743796

