1.0 0.5007076630223262
0.99 0.5906729912460861
0.98 0.6288988500020521
0.97 0.6586794900748404
0.96 0.6842061343722153
0.95 0.7071637527760226
0.94 0.728032255746461
0.9299999999999999 0.747476648224253
0.92 0.7657856062527434
0.91 0.7830726525259804
0.9 0.7992866670733854
0.89 0.8147651403229754
0.88 0.8292838400716545
0.87 0.843228091274204
0.86 0.8562456245681387
0.85 0.8686847558832519
0.84 0.8804869750353264
0.83 0.8916135937901769
0.8200000000000001 0.9023025848815608
0.81 0.9125249835211011
0.8 0.9223132063562751
0.79 0.9318817342275667
0.78 0.9410249288221314
0.77 0.9499452020987722
0.76 0.958605587234499
0.75 0.9669799973312836
0.74 0.9751141699102966
0.73 0.9829925895645824
0.72 0.9906154686384816
0.71 0.9979387151961518
0.7 0.9999997600207252
