1.0 0.5009073096522747
0.99 0.5870018676139696
0.98 0.6273997454390933
0.97 0.660058424639949
0.96 0.6886737888855834
0.95 0.71468176366863
0.94 0.7388205822364304
0.9299999999999999 0.7615297597640933
0.92 0.7830953012224281
0.91 0.8037153843114283
0.9 0.8235729159384751
0.89 0.8430918659457384
0.88 0.8623773064828932
0.87 0.881421694664761
0.86 0.9002265747025703
0.85 0.9187501854981793
0.84 0.936314823607024
0.83 0.9525501884873662
0.8200000000000001 0.9672932718883961
0.81 0.9803575499419417
0.8 0.9915313100722724
0.79 0.9999958541364039
