1.0 0.5006610318783772
0.99 0.595087643997461
0.98 0.6378743096881132
0.97 0.6722666858189198
0.96 0.7023404788999992
0.95 0.7296803726040043
0.94 0.7550866383782568
0.9299999999999999 0.7791974278303243
0.92 0.8018997338607572
0.91 0.8238391579125144
0.9 0.8448247332929606
0.89 0.8648430178376831
0.88 0.8840563870198646
0.87 0.9029514903144036
0.86 0.9207783128900207
0.85 0.9378028228556028
0.84 0.9530547364077959
0.83 0.966736153986909
0.8200000000000001 0.9788721547006466
0.81 0.9896675256475245
0.8 0.9992170120508962
0.79 1.0000000000141451
