1.0 0.50105698889848
0.99 0.5945329498059003
0.98 0.633647105596496
0.97 0.663333221090012
0.96 0.6885239332949806
0.95 0.7110335031440591
0.94 0.7317881717575028
0.9299999999999999 0.7512279152122006
0.92 0.7697381739833593
0.91 0.7874433308957383
0.9 0.8043518541109692
0.89 0.8206565114695974
0.88 0.836299363304903
0.87 0.8513400526264208
0.86 0.8656046587041202
0.85 0.8791174819782538
0.84 0.8919571252828101
0.83 0.9040418164257549
0.8200000000000001 0.9154313775768653
0.81 0.9260481216393889
0.8 0.9359341768767382
0.79 0.9451199588397103
0.78 0.9537536262536359
0.77 0.9617383132771491
0.76 0.9691118837853994
0.75 0.975941603531763
0.74 0.9822626562254098
0.73 0.9881338588039008
0.72 0.993583281958279
0.71 0.9986239813772773
0.7 0.9999992363269675
