1.0 0.7891686217469102
0.99 0.769102153090146
0.98 0.7506086878229946
0.97 0.7331357025937516
0.96 0.7164524001986994
0.95 0.7003520345098694
0.94 0.6847215532901267
0.9299999999999999 0.6695412599705803
0.92 0.654816496415546
0.91 0.6405507990913525
0.9 0.6267367037192634
0.89 0.6133700948332816
0.88 0.6004457386608941
0.87 0.587953162747188
0.86 0.5758812487901374
0.85 0.56422060429635
0.84 0.5529575615469903
0.83 0.5420776429047163
0.8200000000000001 0.5315673934361114
0.81 0.5214509591237478
0.8 0.5117815311139919
0.79 0.502565605572401
0.78 0.49380540962308483
0.77 0.48550535290711927
0.76 0.47767546561383756
0.75 0.4703312794860197
0.74 0.46325975178025236
0.73 0.45618846507423655
0.72 0.4491173805600971
0.71 0.44204632843187536
0.7 0.4349752585489819
0.69 0.42790411085670094
0.6799999999999999 0.42083305161985346
0.6699999999999999 0.41376209032523953
0.6599999999999999 0.4066910528040668
0.65 0.39961991582895523
0.64 0.3925489094768538
0.63 0.385477798799388
0.62 0.3784067020487044
