1.0 0.9374635366774826
0.99 0.9041723656315893
0.98 0.8776140509354201
0.97 0.8540293658873307
0.96 0.8325896406331221
0.95 0.8124800786757208
0.94 0.7936457636915705
0.9299999999999999 0.7756952167998538
0.92 0.7587179830892506
0.91 0.7424408798901344
0.9 0.7267976605020042
0.89 0.711667310011194
0.88 0.6968978419682266
0.87 0.682611300543791
0.86 0.6686313020242391
0.85 0.6551596683286389
0.84 0.6418798421409962
0.83 0.6289020632982307
0.8200000000000001 0.6160590235116008
0.81 0.6035854027387147
0.8 0.5912796705199138
0.79 0.5792056404929198
0.78 0.5672578128662242
0.77 0.5556773099846223
0.76 0.5442372687528038
0.75 0.5328275822833525
0.74 0.5217718556920822
0.73 0.5108854834724712
0.72 0.5000954043464216
0.71 0.4895221831945803
0.7 0.4790004155304343
0.69 0.4687427112449378
0.6799999999999999 0.45867040089123273
0.6699999999999999 0.4487164091615585
0.6599999999999999 0.438929258230592
0.65 0.429332369350345
0.64 0.41986871427151173
0.63 0.41049904351229477
0.62 0.40122959116271034
