1.0 0.5466346408969857
0.99 0.49753673715260194
0.98 0.46639651149721323
0.97 0.44196434257722905
0.96 0.42134559556813833
0.95 0.4032842356685855
0.94 0.38702501751884943
0.9299999999999999 0.3721686122304352
0.9199999999999999 0.35840560068072497
0.9099999999999999 0.34553860942724984
0.9 0.33341155009456386
0.89 0.3219392079291224
0.88 0.3110251211472576
0.87 0.30057788199583096
0.86 0.2905799384212485
0.85 0.2809498397200449
0.84 0.27169079331306123
0.83 0.2627343404333457
0.82 0.2540686130644884
0.8099999999999999 0.2456676180831207
0.8 0.23755107049639013
0.79 0.2296490772342579
