1.0 0.8542585575016584
0.99 0.8128260117164439
0.98 0.7741856124245987
0.97 0.7370134946463491
0.96 0.7013238074619649
0.95 0.66629595242937
0.94 0.632547401712198
0.9299999999999999 0.5988735870029662
0.92 0.5654749644532278
0.91 0.532341209864635
0.9 0.49978228926190216
0.89 0.4673814979926297
0.88 0.4348564874167468
0.87 0.40306496510189405
0.86 0.37185861992457525
0.85 0.3409070844548757
0.84 0.3101242755680412
0.83 0.28009291839507233
0.8200000000000001 0.25026312780098225
0.81 0.22098647340610586
