0.3333333333333333 0.5011848655197635
0.3433333333333333 0.6395132285563948
0.3533333333333333 0.6824194153515648
0.3633333333333333 0.7094249938510739
0.3733333333333333 0.7243361036561595
0.3833333333333333 0.7373129474653947
0.3933333333333333 0.7498666924347807
0.4033333333333333 0.7620683846728437
0.41333333333333333 0.7738396424439997
0.42333333333333334 0.7853664448384597
0.4333333333333333 0.7967131050829378
0.4433333333333333 0.8079112763433377
0.4533333333333333 0.8189787487764831
0.4633333333333333 0.8299254452609793
0.4733333333333333 0.8407706941471567
0.4833333333333333 0.8515435004618156
0.4933333333333333 0.8622511517797978
0.5033333333333333 0.8728905135807163
0.5133333333333333 0.8834762145473243
0.5233333333333333 0.8939601659918516
0.5333333333333333 0.9043873878848445
0.5433333333333333 0.9147180649439094
0.5533333333333333 0.925000936633681
0.5633333333333332 0.9352527938598681
0.5733333333333333 0.9454841134950033
0.5833333333333333 0.9556551948485136
0.5933333333333333 0.9658135863326792
0.6033333333333333 0.9759658062371966
0.6133333333333333 0.9861286243707817
0.6233333333333333 0.9962381784773477
0.6333333333333333 0.9999999957053248
