1.0 0.8658567484064893
0.99 0.812531874905125
0.98 0.7638632282351956
0.97 0.7181493367569124
0.96 0.6750337179804574
0.95 0.6345375868900464
0.94 0.5965525115573794
0.9299999999999999 0.5605080920066835
0.92 0.5259149724107324
0.91 0.49247149776310517
0.9 0.4600044654433701
0.89 0.4283794542739048
0.88 0.39748196665734276
0.87 0.36724881472425325
0.86 0.337603640554224
0.85 0.30850569713423937
0.84 0.2799214677436857
0.83 0.2518251549645793
0.8200000000000001 0.22420126410856134
0.81 0.1970552090466279
0.8 0.17038367354980516
